 180 183 183 153  89  87  86  91 135 135 155 181 173 186 187 185
 179 182 183  98  86  87  70  83  87  84  68  81  83 106 186 181
 179 182 181  94  86  82  61  85  85  84  74  86  84  78 163 171
 178 181 181 122  53  54  74  85  84  86  66  84  81  69 157 160
 176 178 177  81 124 109  85  83  83  75  59  54  56 129 174 150
 174 176 164  64 135 100  80  82  81 131  88  79  65 160 168 144
 172 174 113  67  81  65  56  83 124 114 117  84  69 170 161 140
 171 165  58  58  59  75  65  74  96  96  86  81  97 169 153 136
 171 164  60  63  63  69  56  76  69  59  72  73 116 168 149 136
 169 170  89  78  81  76  72  73  68  66  67  62 157 164 149 136
 169 171 129  57  60  63  67  62  70  66  66  76 170 166 154 137
 166  95  69  57  53  55  66  68  52  57  48 132 170 169 159 141
 105  74  64  60  75  76  68  55  83  90  58  67 116 170 166 146
  76  74  75  73  66  64  74  76  75 128  75  74  76 145 169 155
  66  71  71  51  66  73  72  75  66  98  69  77  77 123 170 164
 106  59  64  52  66  71  69  76  70  92  65  72  69 142 169 169
 182 184 184 161 131 140 139 124 148 149 164 181 176 186 188 185
 181 183 185 132 141 141 121 131 140 141 114 126 130 136 187 182
 180 184 183 133 139 128 103 138 140 140 122 139 140 130 170 173
 178 182 182 137  87  87 120 138 140 137 108 135 130 106 161 164
 177 179 180 116 141 131 136 137 139 123 102  89  89 143 175 157
 174 178 169 107 143 118 134 135 125 147 122 129 104 166 169 151
 173 175 134 116 117 101 103 132 139 122 140 133 103 173 164 149
 172 167 101 104 101 125 110 119 131 112 124 130 120 170 159 144
 171 167 105 111 106 113  95 127 123 107 118 121 134 169 156 146
 170 172 121 127 131 128 119 125 119 112 115 102 163 167 154 145
 170 172 137  96 106 110 110 105 119 116 113 103 171 168 158 145
 166 119 115  97  88  91 111 114  93  94  78 142 172 170 162 147
 126 123 107 108 121 127 115  82  71  75  84 108 137 170 167 151
 114 123 124 124 108 110 122 125  82  88 111 122 120 153 169 159
 111 123 123  91 109 126 125 125  86  83 105 128 126 138 171 165
 126 105 111  89 106 120 117 104  77  92  94 112 109 151 170 170
 177 181 181 160 153 173 170 139 149 151 163 179 174 184 187 184
 178 181 179 147 172 172 149 159 170 171 141 151 160 148 184 180
 178 180 178 150 170 157 126 169 172 172 149 171 174 159 171 170
 177 178 178 139 105 108 149 172 172 167 133 164 161 128 162 162
 174 176 173 132 145 134 167 168 169 151 125 113 111 146 174 153
 172 173 168 134 141 116 164 166 146 153 138 161 134 168 166 149
 169 173 146 157 136 122 126 161 141 122 148 167 127 173 163 145
 167 163 136 144 128 154 135 147 147 115 149 165 132 169 155 141
 169 165 144 147 134 142 119 161 160 146 158 157 142 167 153 142
 168 169 140 162 164 156 150 162 160 158 160 135 164 165 151 141
 168 169 137 117 134 140 138 136 159 158 153 120 171 167 157 144
 165 130 143 125 110 116 136 141 120 124 103 144 170 169 161 145
 136 155 137 137 154 160 145  94  42  44 107 132 145 170 166 150
 136 157 156 158 138 139 154 157  76  23 129 153 147 153 169 157
 134 157 158 116 136 159 161 158  84  25 123 159 161 143 171 165
 131 133 144 110 129 151 147 118  60  64 103 140 136 154 169 169

 185 181 171 160 150 144 140 136 136 136 137 141 146 155 164 169
 187 186 163 157 174 168 161 153 149 149 154 159 166 169 170 169
 186 106  78  69 129 160 170 169 168 164 166 169 170 145 123 142
 173  83  84  81  56  65  69  97 116 157 170 170 116  76  77  69
 181  81  86  84  54  79  84  81  73  62  76 132  67  74  77  72
 155  68  74  66  59  88 117  86  72  67  66  48  58  75  69  65
 135  84  84  86  75 131 114  96  59  66  66  57  90 128  98  92
 135  87  85  84  83  81 124  96  69  68  70  52  83  75  66  70
  91  83  85  85  83  82  83  74  76  73  62  68  55  76  75  76
  86  70  61  74  85  80  56  65  56  72  67  66  68  74  72  69
  87  87  82  54 109 100  65  75  69  76  63  55  76  64  73  71
  89  86  86  53 124 135  81  59  63  81  60  53  75  66  66  66
 153  98  94 122  81  64  67  58  63  78  57  57  60  73  51  52
 183 183 181 181 177 164 113  58  60  89 129  69  64  75  71  64
 183 182 182 181 178 176 174 165 164 170 171  95  74  74  71  59
 180 179 179 178 176 174 172 171 171 169 169 166 105  76  66 106
 185 182 173 164 157 151 149 144 146 145 145 147 151 159 165 170
 188 187 170 161 175 169 164 159 156 154 158 162 167 169 171 170
 186 136 130 106 143 166 173 170 169 167 168 170 170 153 138 151
 176 130 140 130  89 104 103 120 134 163 171 172 137 120 126 109
 181 126 139 135  89 129 133 130 121 102 103 142 108 122 128 112
 164 114 122 108 102 122 140 124 118 115 113  78  84 111 105  94
 149 141 140 137 123 147 122 112 107 112 116  94  75  88  83  92
 148 140 140 140 139 125 139 131 123 119 119  93  71  82  86  77
 124 131 138 138 137 135 132 119 127 125 105 114  82 125 125 104
 139 121 103 120 136 134 103 110  95 119 110 111 115 122 125 117
 140 141 128  87 131 118 101 125 113 128 110  91 127 110 126 120
 131 141 139  87 141 143 117 101 106 131 106  88 121 108 109 106
 161 132 133 137 116 107 116 104 111 127  96  97 108 124  91  89
 184 185 183 182 180 169 134 101 105 121 137 115 107 124 123 111
 184 183 184 182 179 178 175 167 167 172 172 119 123 123 123 105
 182 181 180 178 177 174 173 172 171 170 170 166 126 114 111 126
 184 180 170 162 153 149 145 141 142 141 144 145 150 157 165 169
 187 184 171 162 174 166 163 155 153 151 157 161 166 169 171 169
 184 148 159 128 146 168 173 169 167 165 167 169 170 153 143 154
 174 160 174 161 111 134 127 132 142 164 171 170 145 147 161 136
 179 151 171 164 113 161 167 165 157 135 120 144 132 153 159 140
 163 141 149 133 125 138 148 149 158 160 153 103 107 129 123 103
 151 171 172 167 151 153 122 115 146 158 158 124  44  23  25  64
 149 170 172 172 169 146 141 147 160 160 159 120  42  76  84  60
 139 159 169 172 168 166 161 147 161 162 136 141  94 157 158 118
 170 149 126 149 167 164 126 135 119 150 138 136 145 154 161 147
 173 172 157 108 134 116 122 154 142 156 140 116 160 139 159 151
 153 172 170 105 145 141 136 128 134 164 134 110 154 138 136 129
 160 147 150 139 132 134 157 144 147 162 117 125 137 158 116 110
 181 179 178 178 173 168 146 136 144 140 137 143 137 156 158 144
 181 181 180 178 176 173 173 163 165 169 169 130 155 157 157 133
 177 178 178 177 174 172 169 167 169 168 168 165 136 136 134 131

 169 169 142  69  72  65  92  70  76  69  71  66  52  64  59 106
 164 170 123  77  77  69  98  66  75  72  73  66  51  71  71  66
 155 169 145  76  74  75 128  75  76  74  64  66  73  75  74  76
 146 166 170 116  67  58  90  83  55  68  76  75  60  64  74 105
 141 159 169 170 132  48  57  52  68  66  55  53  57  69  95 166
 137 154 166 170  76  66  66  70  62  67  63  60  57 129 171 169
 136 149 164 157  62  67  66  68  73  72  76  81  78  89 170 169
 136 149 168 116  73  72  59  69  76  56  69  63  63  60 164 171
 136 153 169  97  81  86  96  96  74  65  75  59  58  58 165 171
 140 161 170  69  84 117 114 124  83  56  65  81  67 113 174 172
 144 168 160  65  79  88 131  81  82  80 100 135  64 164 176 174
 150 174 129  56  54  59  75  83  83  85 109 124  81 177 178 176
 160 157  69  81  84  66  86  84  85  74  54  53 122 181 181 178
 171 163  78  84  86  74  84  85  85  61  82  86  94 181 182 179
 181 186 106  83  81  68  84  87  83  70  87  86  98 183 182 179
 185 187 186 173 181 155 135 135  91  86  87  89 153 183 183 180
 170 170 151 109 112  94  92  77 104 117 120 106  89 111 105 126
 165 171 138 126 128 105  83  86 125 125 126 109  91 123 123 111
 159 169 153 120 122 111  88  82 125 122 110 108 124 124 123 114
 151 167 170 137 108  84  75  71  82 115 127 121 108 107 123 126
 147 162 170 172 142  78  94  93 114 111  91  88  97 115 119 166
 145 158 168 171 103 113 116 119 105 110 110 106  96 137 172 170
 145 154 167 163 102 115 112 119 125 119 128 131 127 121 172 170
 146 156 169 134 121 118 107 123 127  95 113 106 111 105 167 171
 144 159 170 120 130 124 112 131 119 110 125 101 104 101 167 172
 149 164 173 103 133 140 122 139 132 103 101 117 116 134 175 173
 151 169 166 104 129 122 147 125 135 134 118 143 107 169 178 174
 157 175 143  89  89 102 123 139 137 136 131 141 116 180 179 177
 164 161 106 130 135 108 137 140 138 120  87  87 137 182 182 178
 173 170 130 140 139 122 140 140 138 103 128 139 133 183 184 180
 182 187 136 130 126 114 141 140 131 121 141 141 132 185 183 181
 185 188 186 176 181 164 149 148 124 139 140 131 161 184 184 182
 169 169 154 136 140 103  64  60 118 147 151 129 110 144 133 131
 165 171 143 161 159 123  25  84 158 161 159 136 116 158 157 134
 157 169 153 147 153 129  23  76 157 154 139 138 158 156 157 136
 150 166 170 145 132 107  44  42  94 145 160 154 137 137 155 136
 145 161 169 170 144 103 124 120 141 136 116 110 125 143 130 165
 144 157 167 171 120 153 158 159 136 138 140 134 117 137 169 168
 141 151 165 164 135 160 158 160 162 150 156 164 162 140 169 168
 142 153 167 142 157 158 146 160 161 119 142 134 147 144 165 169
 141 155 169 132 165 149 115 147 147 135 154 128 144 136 163 167
 145 163 173 127 167 148 122 141 161 126 122 136 157 146 173 169
 149 166 168 134 161 138 153 146 166 164 116 141 134 168 173 172
 153 174 146 111 113 125 151 169 168 167 134 145 132 173 176 174
 162 162 128 161 164 133 167 172 172 149 108 105 139 178 178 177
 170 171 159 174 171 149 172 172 169 126 157 170 150 178 180 178
 180 184 148 160 151 141 171 170 159 149 172 172 147 179 181 178
 184 187 184 174 179 163 151 149 139 170 173 153 160 181 181 177

 106  66  76 105 166 169 169 171 171 172 174 176 178 179 179 180
  59  71  74  74  95 171 170 164 165 174 176 178 181 182 182 183
  64  71  75  64  69 129  89  60  58 113 164 177 181 181 183 183
  52  51  73  60  57  57  78  63  58  67  64  81 122  94  98 153
  66  66  66  75  53  60  81  63  59  81 135 124  53  86  86  89
  71  73  64  76  55  63  76  69  75  65 100 109  54  82  87  87
  69  72  74  68  66  67  72  56  65  56  80  85  74  61  70  86
  76  75  76  55  68  62  73  76  74  83  82  83  85  85  83  91
  70  66  75  83  52  70  68  69  96 124  81  83  84  85  87 135
  92  98 128  90  57  66  66  59  96 114 131  75  86  84  84 135
  65  69  75  58  48  66  67  72  86 117  88  59  66  74  68 155
  72  77  74  67 132  76  62  73  81  84  79  54  84  86  81 181
  69  77  76 116 170 170 157 116  97  69  65  56  81  84  83 173
 142 123 145 170 169 166 164 168 169 170 160 129  69  78 106 186
 169 170 169 166 159 154 149 149 153 161 168 174 157 163 186 187
 169 164 155 146 141 137 136 136 136 140 144 150 160 171 181 185
 126 111 114 126 166 170 170 171 172 173 174 177 178 180 181 182
 105 123 123 123 119 172 172 167 167 175 178 179 182 184 183 184
 111 123 124 107 115 137 121 105 101 134 169 180 182 183 185 184
  89  91 124 108  97  96 127 111 104 116 107 116 137 133 132 161
 106 109 108 121  88 106 131 106 101 117 143 141  87 139 141 131
 120 126 110 127  91 110 128 113 125 101 118 131  87 128 141 140
 117 125 122 115 111 110 119  95 110 103 134 136 120 103 121 139
 104 125 125  82 114 105 125 127 119 132 135 137 138 138 131 124
  77  86  82  71  93 119 119 123 131 139 125 139 140 140 140 148
  92  83  88  75  94 116 112 107 112 122 147 123 137 140 141 149
  94 105 111  84  78 113 115 118 124 140 122 102 108 122 114 164
 112 128 122 108 142 103 102 121 130 133 129  89 135 139 126 181
 109 126 120 137 172 171 163 134 120 103 104  89 130 140 130 176
 151 138 153 170 170 168 167 169 170 173 166 143 106 130 136 186
 170 171 169 167 162 158 154 156 159 164 169 175 161 170 187 188
 170 165 159 151 147 145 145 146 144 149 151 157 164 173 182 185
 131 134 136 136 165 168 168 169 167 169 172 174 177 178 178 177
 133 157 157 155 130 169 169 165 163 173 173 176 178 180 181 181
 144 158 156 137 143 137 140 144 136 146 168 173 178 178 179 181
 110 116 158 137 125 117 162 147 144 157 134 132 139 150 147 160
 129 136 138 154 110 134 164 134 128 136 141 145 105 170 172 153
 151 159 139 160 116 140 156 142 154 122 116 134 108 157 172 173
 147 161 154 145 136 138 150 119 135 126 164 167 149 126 149 170
 118 158 157  94 141 136 162 161 147 161 166 168 172 169 159 139
  60  84  76  42 120 159 160 160 147 141 146 169 172 172 170 149
  64  25  23  44 124 158 158 146 115 122 153 151 167 172 171 151
 103 123 129 107 103 153 160 158 149 148 138 125 133 149 141 163
 140 159 153 132 144 120 135 157 165 167 161 113 164 171 151 179
 136 161 147 145 170 171 164 142 132 127 134 111 161 174 160 174
 154 143 153 170 169 167 165 167 169 173 168 146 128 159 148 184
 169 171 169 166 161 157 151 153 155 163 166 174 162 171 184 187
 169 165 157 150 145 144 141 142 141 145 149 153 162 170 180 184

