 165 167 168 164 167 167 167 167 152  41 153 165 165 164 165 164
 168 168 169  70 126 167 167 167 108  38 146 166 165 166 165 165
 167 168 170  90  42 132 166 166  72  40 146 165 165 166 166 165
 168 170 169 151  39  69 146  90  40  38 128 166 166 166 166 165
 169 169 169 168  60  38  39  38  40  37  62 154 166 166 166 164
 169 169 169 169  88  39  34  36  37  57  42  82 166 166 167 163
 167 169 169 169 123  42  43  73  38  90 109  97 166 167 166 163
 168 169 169 170 145  40  42 110  77  58  77 124 167 167 166 163
 167 169 169 169 165  53  35  70  62  71  70  88 168 168 167 163
 167 168 169 169 168  74  29  63  70  69  70 113 168 167 167 164
 167 169 169 168 168  69  29  38  58  61 101 164 167 167 167 164
 168 169 168 169 137  34  32  33  29  31 112 168 168 167 168 165
 168 169 169 159  48  47  93  41  31  36  47 163 168 168 167 166
 168 170 169  89  31  69  66  30  28  27  31 131 168 168 167 167
 169 170 138  42  40  46  54  28  29  33  35  78 169 168 168 168
 170 170 149  54  43  60  70  77  71  83  82 130 169 169 169 168
 165 166 168 164 166 167 167 166 153  67 155 165 165 164 165 164
 167 168 168  86 133 167 167 167 119  60 149 166 165 165 165 164
 167 168 169 100  66 139 166 166  91  63 149 165 166 166 166 165
 168 170 169 153  64  86 150 104  61  62 135 166 166 166 166 165
 169 169 169 168  78  65  64  64  63  56  79 156 166 166 166 164
 168 169 169 168 101  65  60  59  66  83  64  96 166 166 166 163
 167 169 168 169 129  63  70  88  59 102 117 104 166 167 166 162
 168 169 170 169 149  64  70 120  97  85 104 138 167 167 166 163
 167 169 170 169 166  70  61 107 104 114 112 118 168 168 167 163
 167 168 169 169 168  89  49 100 116 114 112 134 168 167 167 164
 167 169 169 168 168  84  44  64  87  94 124 165 168 167 167 164
 168 169 170 169 143  48  50  52  45  50 121 169 168 168 168 165
 168 170 169 161  65  53  74  63  45  48  62 166 168 168 167 167
 169 171 169 103  53  68  70  54  37  37  50 140 168 169 168 167
 170 171 145  65  66  62  60  48  45  48  53 100 169 170 169 168
 170 170 153  75  68  77  85  88  85  98  96 140 170 170 170 169
 165 166 168 164 166 167 167 166 155  95 157 165 165 164 166 165
 167 168 168 103 139 167 167 167 131  98 149 166 166 165 165 165
 167 168 169 120  99 143 166 166 113  97 150 165 166 166 166 165
 168 169 169 156  98 108 156 121  97  98 141 166 166 166 166 165
 168 169 169 168 101 100  99 101 102  91 103 156 166 166 166 163
 168 169 169 168 117 102  93  93 100 109  88 110 166 166 166 163
 167 169 168 169 137 103  99 108  88 111 123 112 166 167 166 162
 168 169 170 169 151 101  98 121 114 111 127 144 167 167 166 163
 167 169 169 169 166  96  94 136 139 158 156 143 168 168 167 162
 167 168 169 169 168 110  82 131 156 157 154 150 168 167 167 164
 167 169 169 168 168 101  76  93 112 125 137 165 168 167 167 164
 167 169 170 168 145  78  78  81  71  77 128 169 168 168 168 165
 168 169 169 160  87  69  43  93  68  60  75 165 168 168 167 167
 168 168 168 122  87  55  53  81  51  51  74 141 168 168 167 167
 170 170 149 102 102  73  51  74  66  76  88 118 169 168 168 168
 170 170 156 105  96  96 105 107 109 116 117 147 169 170 169 169

 164 165 165 165 164 163 163 163 163 164 164 165 166 167 168 168
 165 165 166 166 166 167 166 166 167 167 167 168 167 167 168 169
 164 166 166 166 166 166 167 167 168 167 167 167 168 168 168 169
 165 165 165 166 166 166 166 167 168 168 167 168 168 168 169 169
 165 166 165 166 154  82  97 124  88 113 164 168 163 131  78 130
 153 146 146 128  62  42 109  77  70  70 101 112  47  31  35  82
  41  38  40  38  37  57  90  58  71  69  61  31  36  27  33  83
 152 108  72  40  40  37  38  77  62  70  58  29  31  28  29  71
 167 167 166  90  38  36  73 110  70  63  38  33  41  30  28  77
 167 167 166 146  39  34  43  42  35  29  29  32  93  66  54  70
 167 167 132  69  38  39  42  40  53  74  69  34  47  69  46  60
 167 126  42  39  60  88 123 145 165 168 168 137  48  31  40  43
 164  70  90 151 168 169 169 170 169 169 168 169 159  89  42  54
 168 169 170 169 169 169 169 169 169 169 169 168 169 169 138 149
 167 168 168 170 169 169 169 169 169 168 169 169 169 170 170 170
 165 168 167 168 169 169 167 168 167 167 167 168 168 168 169 170
 164 164 165 165 164 163 162 163 163 164 164 165 167 167 168 169
 165 165 166 166 166 166 166 166 167 167 167 168 167 168 169 170
 164 165 166 166 166 166 167 167 168 167 167 168 168 169 170 170
 165 165 166 166 166 166 166 167 168 168 168 168 168 168 169 170
 165 166 165 166 156  96 104 138 118 134 165 169 166 140 100 140
 155 149 149 135  79  64 117 104 112 112 124 121  62  50  53  96
  67  60  63  62  56  83 102  85 114 114  94  50  48  37  48  98
 153 119  91  61  63  66  59  97 104 116  87  45  45  37  45  85
 166 167 166 104  64  59  88 120 107 100  64  52  63  54  48  88
 167 167 166 150  64  60  70  70  61  49  44  50  74  70  60  85
 167 167 139  86  65  65  63  64  70  89  84  48  53  68  62  77
 166 133  66  64  78 101 129 149 166 168 168 143  65  53  66  68
 164  86 100 153 168 168 169 169 169 169 168 169 161 103  65  75
 168 168 169 169 169 169 168 170 170 169 169 170 169 169 145 153
 166 168 168 170 169 169 169 169 169 168 169 169 170 171 171 170
 165 167 167 168 169 168 167 168 167 167 167 168 168 169 170 170
 165 165 165 165 163 163 162 163 162 164 164 165 167 167 168 169
 166 165 166 166 166 166 166 166 167 167 167 168 167 167 168 169
 164 165 166 166 166 166 167 167 168 167 167 168 168 168 168 170
 165 166 166 166 166 166 166 167 168 168 168 168 168 168 169 169
 165 166 165 166 156 110 112 144 143 150 165 169 165 141 118 147
 157 149 150 141 103  88 123 127 156 154 137 128  75  74  88 117
  95  98  97  98  91 109 111 111 158 157 125  77  60  51  76 116
 155 131 113  97 102 100  88 114 139 156 112  71  68  51  66 109
 166 167 166 121 101  93 108 121 136 131  93  81  93  81  74 107
 167 167 166 156  99  93  99  98  94  82  76  78  43  53  51 105
 167 167 143 108 100 102 103 101  96 110 101  78  69  55  73  96
 166 139  99  98 101 117 137 151 166 168 168 145  87  87 102  96
 164 103 120 156 168 168 169 169 169 169 168 168 160 122 102 105
 168 168 169 169 169 169 168 170 169 169 169 170 169 168 149 156
 166 168 168 169 169 169 169 169 169 168 169 169 169 168 170 170
 165 167 167 168 168 168 167 168 167 167 167 167 168 168 170 170

 168 169 169 169 130  82  83  71  77  70  60  43  54 149 170 170
 168 168 168 169  78  35  33  29  28  54  46  40  42 138 170 169
 167 167 168 168 131  31  27  28  30  66  69  31  89 169 170 168
 166 167 168 168 163  47  36  31  41  93  47  48 159 169 169 168
 165 168 167 168 168 112  31  29  33  32  34 137 169 168 169 168
 164 167 167 167 164 101  61  58  38  29  69 168 168 169 169 167
 164 167 167 168 113  70  69  70  63  29  74 168 169 169 168 167
 163 167 168 168  88  70  71  62  70  35  53 165 169 169 169 167
 163 166 167 167 124  77  58  77 110  42  40 145 170 169 169 168
 163 166 167 166  97 109  90  38  73  43  42 123 169 169 169 167
 163 167 166 166  82  42  57  37  36  34  39  88 169 169 169 169
 164 166 166 166 154  62  37  40  38  39  38  60 168 169 169 169
 165 166 166 166 166 128  38  40  90 146  69  39 151 169 170 168
 165 166 166 165 165 146  40  72 166 166 132  42  90 170 168 167
 165 165 166 165 166 146  38 108 167 167 167 126  70 169 168 168
 164 165 164 165 165 153  41 152 167 167 167 167 164 168 167 165
 169 170 170 170 140  96  98  85  88  85  77  68  75 153 170 170
 168 169 170 169 100  53  48  45  48  60  62  66  65 145 171 170
 167 168 169 168 140  50  37  37  54  70  68  53 103 169 171 169
 167 167 168 168 166  62  48  45  63  74  53  65 161 169 170 168
 165 168 168 168 169 121  50  45  52  50  48 143 169 170 169 168
 164 167 167 168 165 124  94  87  64  44  84 168 168 169 169 167
 164 167 167 168 134 112 114 116 100  49  89 168 169 169 168 167
 163 167 168 168 118 112 114 104 107  61  70 166 169 170 169 167
 163 166 167 167 138 104  85  97 120  70  64 149 169 170 169 168
 162 166 167 166 104 117 102  59  88  70  63 129 169 168 169 167
 163 166 166 166  96  64  83  66  59  60  65 101 168 169 169 168
 164 166 166 166 156  79  56  63  64  64  65  78 168 169 169 169
 165 166 166 166 166 135  62  61 104 150  86  64 153 169 170 168
 165 166 166 166 165 149  63  91 166 166 139  66 100 169 168 167
 164 165 165 165 166 149  60 119 167 167 167 133  86 168 168 167
 164 165 164 165 165 155  67 153 166 167 167 166 164 168 166 165
 169 169 170 169 147 117 116 109 107 105  96  96 105 156 170 170
 168 168 168 169 118  88  76  66  74  51  73 102 102 149 170 170
 167 167 168 168 141  74  51  51  81  53  55  87 122 168 168 168
 167 167 168 168 165  75  60  68  93  43  69  87 160 169 169 168
 165 168 168 168 169 128  77  71  81  78  78 145 168 170 169 167
 164 167 167 168 165 137 125 112  93  76 101 168 168 169 169 167
 164 167 167 168 150 154 157 156 131  82 110 168 169 169 168 167
 162 167 168 168 143 156 158 139 136  94  96 166 169 169 169 167
 163 166 167 167 144 127 111 114 121  98 101 151 169 170 169 168
 162 166 167 166 112 123 111  88 108  99 103 137 169 168 169 167
 163 166 166 166 110  88 109 100  93  93 102 117 168 169 169 168
 163 166 166 166 156 103  91 102 101  99 100 101 168 169 169 168
 165 166 166 166 166 141  98  97 121 156 108  98 156 169 169 168
 165 166 166 166 165 150  97 113 166 166 143  99 120 169 168 167
 165 165 165 166 166 149  98 131 167 167 167 139 103 168 168 167
 165 166 164 165 165 157  95 155 166 167 167 166 164 168 166 165

 170 169 168 168 168 167 167 167 168 167 169 169 168 167 168 165
 170 170 170 169 169 169 168 169 169 169 169 169 170 168 168 167
 149 138 169 169 168 169 169 169 169 169 169 169 169 170 169 168
  54  42  89 159 169 168 169 169 170 169 169 168 151  90  70 164
  43  40  31  48 137 168 168 165 145 123  88  60  39  42 126 167
  60  46  69  47  34  69  74  53  40  42  39  38  69 132 167 167
  70  54  66  93  32  29  29  35  42  43  34  39 146 166 167 167
  77  28  30  41  33  38  63  70 110  73  36  38  90 166 167 167
  71  29  28  31  29  58  70  62  77  38  37  40  40  72 108 152
  83  33  27  36  31  61  69  71  58  90  57  37  38  40  38  41
  82  35  31  47 112 101  70  70  77 109  42  62 128 146 146 153
 130  78 131 163 168 164 113  88 124  97  82 154 166 165 166 165
 169 169 168 168 168 167 168 168 167 166 166 166 166 165 165 165
 169 168 168 168 167 167 167 168 167 167 166 166 166 166 166 164
 169 168 167 167 168 167 167 167 166 166 167 166 166 166 165 165
 168 168 167 166 165 164 164 163 163 163 163 164 165 165 165 164
 170 170 169 168 168 167 167 167 168 167 168 169 168 167 167 165
 170 171 171 170 169 169 168 169 169 169 169 169 170 168 168 166
 153 145 169 169 170 169 169 170 170 168 169 169 169 169 168 168
  75  65 103 161 169 168 169 169 169 169 168 168 153 100  86 164
  68  66  53  65 143 168 168 166 149 129 101  78  64  66 133 166
  77  62  68  53  48  84  89  70  64  63  65  65  86 139 167 167
  85  60  70  74  50  44  49  61  70  70  60  64 150 166 167 167
  88  48  54  63  52  64 100 107 120  88  59  64 104 166 167 166
  85  45  37  45  45  87 116 104  97  59  66  63  61  91 119 153
  98  48  37  48  50  94 114 114  85 102  83  56  62  63  60  67
  96  53  50  62 121 124 112 112 104 117  64  79 135 149 149 155
 140 100 140 166 169 165 134 118 138 104  96 156 166 165 166 165
 170 169 168 168 168 168 168 168 167 166 166 166 166 166 165 165
 170 170 169 168 168 167 167 168 167 167 166 166 166 166 165 164
 170 169 168 167 168 167 167 167 166 166 166 166 166 166 165 165
 169 168 167 167 165 164 164 163 163 162 163 164 165 165 164 164
 170 170 168 168 167 167 167 167 168 167 168 168 168 167 167 165
 170 170 168 169 169 169 168 169 169 169 169 169 169 168 168 166
 156 149 168 169 170 169 169 169 170 168 169 169 169 169 168 168
 105 102 122 160 168 168 169 169 169 169 168 168 156 120 103 164
  96 102  87  87 145 168 168 166 151 137 117 101  98  99 139 166
  96  73  55  69  78 101 110  96 101 103 102 100 108 143 167 167
 105  51  53  43  78  76  82  94  98  99  93  99 156 166 167 167
 107  74  81  93  81  93 131 136 121 108  93 101 121 166 167 166
 109  66  51  68  71 112 156 139 114  88 100 102  97 113 131 155
 116  76  51  60  77 125 157 158 111 111 109  91  98  97  98  95
 117  88  74  75 128 137 154 156 127 123  88 103 141 150 149 157
 147 118 141 165 169 165 150 143 144 112 110 156 166 165 166 165
 169 169 168 168 168 168 168 168 167 166 166 166 166 166 166 165
 170 168 168 168 168 167 167 168 167 167 166 166 166 166 165 164
 169 168 167 167 168 167 167 167 166 166 166 166 166 166 165 166
 169 168 167 167 165 164 164 162 163 162 163 163 165 165 165 165

