 168 171 172 173 173 175 175 176 175 167  66  97 174 152  95 170
 169 171 173 172 174 174 175 175 172  90  51 148 108  46 119 169
 169 171 173 173 174 174 176 174 104  39  37  60  37  93 172 164
 168 171 173 173 173 174 176 138  42  39  40  40  40 101 172 157
 168 129 123 155 166 133 148  59  39  43  45  39  35  40 146 153
 164 104  71  95 106  76  75  40  36  42 107  65  91  53 125 149
 105  41  43  37  34  56  42  39  40  51  83  57  82 102 157 146
  48  53  44  36  37  63  38  41  30  55  78  70  68  68 125 144
  37  56  44  39  44  70  37  38  33  45  76  74  64  66 143 140
  71  67  48  37  44  96  42  38  58 128 153 110 128 145 157 145
 121  92  69  40  57 121  48  36 132 171 171 172 171 167 159 146
 147 125 115 113 120 130 106 100 170 171 171 171 171 168 163 145
 133 127 129 116 116 130 118 123 168 170 171 171 171 171 167 151
 124 114 121  85 113 131 123 114 147 169 169 170 171 170 169 161
 142  47  39  61  55  61  63  42 134 170 168 170 170 169 170 165
 165 158 143 165 165 135 132 160 168 169 169 168 169 169 170 169
 170 174 174 176 175 177 177 178 177 170  86 116 175 159 114 173
 171 174 174 174 175 177 177 177 174 107  74 156 120  70 131 171
 171 173 176 176 178 177 178 177 116  70  66  86  67 106 174 166
 170 173 176 176 175 177 177 146  69  70  69  71  68 116 173 161
 171 129 127 160 168 136 149  83  69  69  74  68  60  67 153 157
 165 112  71 106 125  81  80  69  66  73 123  78 105  77 136 154
 113  62  62  68  67  65  67  69  67  80 115  92 107 123 162 153
  67  57  65  69  67  68  68  67  52  93 130 120 120 115 140 151
  57  58  64  68  67  68  69  66  56  66 108 124 116 115 151 148
  80  67  66  67  63  80  64  59  73 137 158 127 146 155 159 150
 125  73  67  55  66  92  59  58 142 174 173 174 173 169 162 151
 145  92  88  92 110  96  80  94 172 173 172 172 173 171 165 154
 126  91  97  91  88  98  88  96 170 171 174 174 173 173 170 158
 120  87  92  69  84  98  91  86 146 172 172 172 173 173 170 162
 146  56  51  75  65  59  57  52 138 171 170 170 172 171 171 167
 167 161 150 167 167 142 139 164 169 171 170 170 170 171 172 170
 164 167 168 168 169 172 171 171 171 163 106 124 170 155 119 167
 165 167 169 168 170 169 171 171 167 115 100 156 128  96 136 167
 163 167 168 167 169 170 170 168 120 102  93 109  98 117 169 161
 163 166 168 167 169 168 172 143  96 104  99 104 100 126 167 153
 161 109 110 148 160 122 137 102 103 101  94  95  80  94 150 150
 158 107  56 111 120  68  73 102  96  99 123  91 112  89 135 146
 113  78  76 101  98  69  96 103  94 104 127 106 120 123 153 142
  87  62  90 102  95  67 102 101  77 113 157 153 156 143 139 143
  76  58  91 101  87  58 102 100  84  86 124 155 155 142 144 141
  91  54  84  99  81  47  98  93  92 135 153 128 151 152 153 141
 120  34  60  67  74  37  68  81 140 166 168 167 165 163 155 147
 131  26  28  47  75  29  26  59 167 167 168 168 169 165 159 150
  96  25  30  28  31  28  27  39 162 168 165 166 167 168 163 152
 100  31  29  30  29  33  29  29 131 167 165 167 166 167 167 158
 140  56  48  76  61  37  37  54 136 166 167 167 167 167 167 161
 162 157 146 165 162 140 137 158 167 165 168 165 168 167 166 167

 170 169 164 157 153 149 146 144 140 145 146 145 151 161 165 169
  95 119 172 172 146 125 157 125 143 157 159 163 167 169 170 170
 152  46  93 101  40  53 102  68  66 145 167 168 171 170 169 169
 174 108  37  40  35  91  82  68  64 128 171 171 171 171 170 169
  97 148  60  40  39  65  57  70  74 110 172 171 171 170 170 168
  66  51  37  40  45 107  83  78  76 153 171 171 171 169 168 169
 167  90  39  39  43  42  51  55  45 128 171 171 170 169 170 169
 175 172 104  42  39  36  40  30  33  58 132 170 168 147 134 168
 176 175 174 138  59  40  39  41  38  38  36 100 123 114  42 160
 175 175 176 176 148  75  42  38  37  42  48 106 118 123  63 132
 175 174 174 174 133  76  56  63  70  96 121 130 130 131  61 135
 173 174 174 173 166 106  34  37  44  44  57 120 116 113  55 165
 173 172 173 173 155  95  37  36  39  37  40 113 116  85  61 165
 172 173 173 173 123  71  43  44  44  48  69 115 129 121  39 143
 171 171 171 171 129 104  41  53  56  67  92 125 127 114  47 158
 168 169 169 168 168 164 105  48  37  71 121 147 133 124 142 165
 173 171 166 161 157 154 153 151 148 150 151 154 158 162 167 170
 114 131 174 173 153 136 162 140 151 159 162 165 170 170 171 172
 159  70 106 116  67  77 123 115 115 155 169 171 173 173 171 171
 175 120  67  68  60 105 107 120 116 146 173 173 173 173 172 170
 116 156  86  71  68  78  92 120 124 127 174 172 174 172 170 170
  86  74  66  69  74 123 115 130 108 158 173 172 174 172 170 170
 170 107  70  70  69  73  80  93  66 137 174 173 171 172 171 171
 177 174 116  69  69  66  67  52  56  73 142 172 170 146 138 169
 178 177 177 146  83  69  69  67  66  59  58  94  96  86  52 164
 177 177 178 177 149  80  67  68  69  64  59  80  88  91  57 139
 177 177 177 177 136  81  65  68  68  80  92  96  98  98  59 142
 175 175 178 175 168 125  67  67  67  63  66 110  88  84  65 167
 176 174 176 176 160 106  68  69  68  67  55  92  91  69  75 167
 174 174 176 176 127  71  62  65  64  66  67  88  97  92  51 150
 174 174 173 173 129 112  62  57  58  67  73  92  91  87  56 161
 170 171 171 170 171 165 113  67  57  80 125 145 126 120 146 167
 167 167 161 153 150 146 142 143 141 141 147 150 152 158 161 167
 119 136 169 167 150 135 153 139 144 153 155 159 163 167 167 166
 155  96 117 126  94  89 123 143 142 152 163 165 168 167 167 167
 170 128  98 100  80 112 120 156 155 151 165 169 167 166 167 168
 124 156 109 104  95  91 106 153 155 128 167 168 166 167 167 165
 106 100  93  99  94 123 127 157 124 153 168 168 165 165 167 168
 163 115 102 104 101  99 104 113  86 135 166 167 168 167 166 165
 171 167 120  96 103  96  94  77  84  92 140 167 162 131 136 167
 171 171 168 143 102 102 103 101 100  93  81  59  39  29  54 158
 171 171 170 172 137  73  96 102 102  98  68  26  27  29  37 137
 172 169 170 168 122  68  69  67  58  47  37  29  28  33  37 140
 169 170 169 169 160 120  98  95  87  81  74  75  31  29  61 162
 168 168 167 167 148 111 101 102 101  99  67  47  28  30  76 165
 168 169 168 168 110  56  76  90  91  84  60  28  30  29  48 146
 167 167 167 166 109 107  78  62  58  54  34  26  25  31  56 157
 164 165 163 163 161 158 113  87  76  91 120 131  96 100 140 162

 169 170 169 169 168 169 169 168 160 132 135 165 165 143 158 165
 165 170 169 170 170 168 170 134  42  63  61  55  61  39  47 142
 161 169 170 171 170 169 169 147 114 123 131 113  85 121 114 124
 151 167 171 171 171 171 170 168 123 118 130 116 116 129 127 133
 145 163 168 171 171 171 171 170 100 106 130 120 113 115 125 147
 146 159 167 171 172 171 171 132  36  48 121  57  40  69  92 121
 145 157 145 128 110 153 128  58  38  42  96  44  37  48  67  71
 140 143  66  64  74  76  45  33  38  37  70  44  39  44  56  37
 144 125  68  68  70  78  55  30  41  38  63  37  36  44  53  48
 146 157 102  82  57  83  51  40  39  42  56  34  37  43  41 105
 149 125  53  91  65 107  42  36  40  75  76 106  95  71 104 164
 153 146  40  35  39  45  43  39  59 148 133 166 155 123 129 168
 157 172 101  40  40  40  39  42 138 176 174 173 173 173 171 168
 164 172  93  37  60  37  39 104 174 176 174 174 173 173 171 169
 169 119  46 108 148  51  90 172 175 175 174 174 172 173 171 169
 170  95 152 174  97  66 167 175 176 175 175 173 173 172 171 168
 170 172 171 170 170 170 171 169 164 139 142 167 167 150 161 167
 167 171 171 172 170 170 171 138  52  57  59  65  75  51  56 146
 162 170 173 173 172 172 172 146  86  91  98  84  69  92  87 120
 158 170 173 173 174 174 171 170  96  88  98  88  91  97  91 126
 154 165 171 173 172 172 173 172  94  80  96 110  92  88  92 145
 151 162 169 173 174 173 174 142  58  59  92  66  55  67  73 125
 150 159 155 146 127 158 137  73  59  64  80  63  67  66  67  80
 148 151 115 116 124 108  66  56  66  69  68  67  68  64  58  57
 151 140 115 120 120 130  93  52  67  68  68  67  69  65  57  67
 153 162 123 107  92 115  80  67  69  67  65  67  68  62  62 113
 154 136  77 105  78 123  73  66  69  80  81 125 106  71 112 165
 157 153  67  60  68  74  69  69  83 149 136 168 160 127 129 171
 161 173 116  68  71  69  70  69 146 177 177 175 176 176 173 170
 166 174 106  67  86  66  70 116 177 178 177 178 176 176 173 171
 171 131  70 120 156  74 107 174 177 177 177 175 174 174 174 171
 173 114 159 175 116  86 170 177 178 177 177 175 176 174 174 170
 167 166 167 168 165 168 165 167 158 137 140 162 165 146 157 162
 161 167 167 167 167 167 166 136  54  37  37  61  76  48  56 140
 158 167 167 166 167 165 167 131  29  29  33  29  30  29  31 100
 152 163 168 167 166 165 168 162  39  27  28  31  28  30  25  96
 150 159 165 169 168 168 167 167  59  26  29  75  47  28  26 131
 147 155 163 165 167 168 166 140  81  68  37  74  67  60  34 120
 141 153 152 151 128 153 135  92  93  98  47  81  99  84  54  91
 141 144 142 155 155 124  86  84 100 102  58  87 101  91  58  76
 143 139 143 156 153 157 113  77 101 102  67  95 102  90  62  87
 142 153 123 120 106 127 104  94 103  96  69  98 101  76  78 113
 146 135  89 112  91 123  99  96 102  73  68 120 111  56 107 158
 150 150  94  80  95  94 101 103 102 137 122 160 148 110 109 161
 153 167 126 100 104  99 104  96 143 172 168 169 167 168 166 163
 161 169 117  98 109  93 102 120 168 170 170 169 167 168 167 163
 167 136  96 128 156 100 115 167 171 171 169 170 168 169 167 165
 167 119 155 170 124 106 163 171 171 171 172 169 168 168 167 164

 165 142 124 133 147 121  71  37  48 105 164 168 168 169 169 168
 158  47 114 127 125  92  67  56  53  41 104 129 171 171 171 171
 143  39 121 129 115  69  48  44  44  43  71 123 173 173 173 172
 165  61  85 116 113  40  37  39  36  37  95 155 173 173 172 173
 165  55 113 116 120  57  44  44  37  34 106 166 173 174 174 173
 135  61 131 130 130 121  96  70  63  56  76 133 174 174 174 175
 132  63 123 118 106  48  42  37  38  42  75 148 176 176 175 175
 160  42 114 123 100  36  38  38  41  39  40  59 138 174 175 176
 168 134 147 168 170 132  58  33  30  40  36  39  42 104 172 175
 169 170 169 170 171 171 128  45  55  51  42  43  39  39  90 167
 169 168 169 171 171 171 153  76  78  83 107  45  40  37  51  66
 168 170 170 171 171 172 110  74  70  57  65  39  40  60 148  97
 169 170 171 171 171 171 128  64  68  82  91  35  40  37 108 174
 169 169 170 171 168 167 145  66  68 102  53  40 101  93  46 152
 170 170 169 167 163 159 157 143 125 157 125 146 172 172 119  95
 169 165 161 151 145 146 145 140 144 146 149 153 157 164 169 170
 167 146 120 126 145 125  80  57  67 113 165 171 170 171 171 170
 161  56  87  91  92  73  67  58  57  62 112 129 173 173 174 174
 150  51  92  97  88  67  66  64  65  62  71 127 176 176 174 174
 167  75  69  91  92  55  67  68  69  68 106 160 176 176 174 176
 167  65  84  88 110  66  63  67  67  67 125 168 175 178 175 175
 142  59  98  98  96  92  80  68  68  65  81 136 177 177 177 177
 139  57  91  88  80  59  64  69  68  67  80 149 177 178 177 177
 164  52  86  96  94  58  59  66  67  69  69  83 146 177 177 178
 169 138 146 170 172 142  73  56  52  67  66  69  69 116 174 177
 171 171 172 171 173 174 137  66  93  80  73  69  70  70 107 170
 170 170 172 174 172 173 158 108 130 115 123  74  69  66  74  86
 170 170 172 174 172 174 127 124 120  92  78  68  71  86 156 116
 170 172 173 173 173 173 146 116 120 107 105  60  68  67 120 175
 171 171 173 173 171 169 155 115 115 123  77  67 116 106  70 159
 172 171 170 170 165 162 159 151 140 162 136 153 173 174 131 114
 170 167 162 158 154 151 150 148 151 153 154 157 161 166 171 173
 162 140 100  96 131 120  91  76  87 113 158 161 163 163 165 164
 157  56  31  25  26  34  54  58  62  78 107 109 166 167 167 167
 146  48  29  30  28  60  84  91  90  76  56 110 168 168 169 168
 165  76  30  28  47  67  99 101 102 101 111 148 167 167 168 168
 162  61  29  31  75  74  81  87  95  98 120 160 169 169 170 169
 140  37  33  28  29  37  47  58  67  69  68 122 168 170 169 172
 137  37  29  27  26  68  98 102 102  96  73 137 172 170 171 171
 158  54  29  39  59  81  93 100 101 103 102 102 143 168 171 171
 167 136 131 162 167 140  92  84  77  94  96 103  96 120 167 171
 165 166 167 168 167 166 135  86 113 104  99 101 104 102 115 163
 168 167 165 165 168 168 153 124 157 127 123  94  99  93 100 106
 165 167 167 166 168 167 128 155 153 106  91  95 104 109 156 124
 168 167 166 167 169 165 151 155 156 120 112  80 100  98 128 170
 167 167 167 168 165 163 152 142 143 123  89  94 126 117  96 155
 166 167 167 163 159 155 153 144 139 153 135 150 167 169 136 119
 167 161 158 152 150 147 141 141 143 142 146 150 153 161 167 167

