 163 164 163 162 163 149 114 115 115 114 109 152 159 159 160 158
 163 165 164 163 156  87 111 112 113 110 107 139 159 159 159 155
 162 164 162 162 158  90  69  69  74  64  77 152 158 158 157 146
 160 161 160 161 159 109  93  67  94  80  78 157 157 156 151 134
 158 158 158 158 154  77  87  72  78  62  68 155 154 152 142 130
 154 157 156 158 154 102 121 114  75  53  86 152 151 146 136 121
 152 155 156 156 152 104 108 102  79  71 139 150 148 140 128 118
 151 152 154 137 107  95  76  67 100 103 105 146 143 135 122 114
 149 151 147  85  81  57  69  75  71  87  84 122 139 128 120 112
 148 150 128  99  63  57  46  60  49  91  80 101 137 128 117 113
 147 148 144 103  65  72  76  78  65  85  87 123 139 132 119 113
 146 146 146 145 111  96  79  99  83  81 100 142 140 136 125 112
 145 145 145 144  94  96  76  99  97  93  94 134 142 139 132 113
 144 144 144 143 124  67  45  76  79  83 109 140 143 141 138 122
 143 144 143 142 143 110  74  53  41  92 142 142 142 142 140 131
 143 142 143 142 142 141 140 125 126 140 141 142 141 143 142 139
 164 165 164 163 164 152 125 129 128 128 122 154 160 161 161 160
 165 167 165 165 161 108 123 125 126 121 116 143 161 161 160 158
 163 166 164 163 161 115 101 100  96  85  95 155 160 160 158 149
 161 163 161 162 161 125 112 116 116 116 119 159 158 158 153 141
 159 159 160 159 156  93 101  99  97  96  96 156 155 154 146 133
 155 158 158 159 157 108 126 119  90 100 118 154 153 150 141 128
 153 157 158 158 154 111 111 103  90  88 143 151 150 144 135 127
 151 153 155 142 118 107  94  88 111 115 117 148 146 138 130 122
 150 152 149  94  98  96  86  97  99  98  97 126 142 135 127 122
 148 151 133 109  87  98  81 104  90 104  93 111 141 134 126 121
 148 149 146 111  76  86  88  92  74  90  97 128 142 135 127 121
 146 146 147 146 118 107  91 111  94  88 106 144 143 138 131 121
 146 146 145 145 106 107  91 111 109 104 104 137 143 141 135 123
 145 145 145 144 129  84  71  92  95  99 116 140 144 143 139 128
 144 144 144 144 144 118  95  96  77 107 143 143 143 144 142 136
 144 144 144 144 143 143 142 131 132 143 143 143 143 143 143 141
 160 161 160 159 160 144  94  87  86  85  86 148 157 157 156 156
 160 160 159 158 153 103  80  81  83  77  74 134 156 156 157 152
 158 159 159 158 157 122 109 106  84  74  85 149 155 155 154 144
 156 157 156 157 156 123 114 140 121 133 140 153 155 152 149 136
 154 154 153 156 152  86  85  96  94 109 113 152 153 148 141 130
 152 153 155 154 153  87  89  79  80 137 134 150 148 144 134 125
 151 152 154 154 150  90  77  68  63  78 140 150 147 141 131 122
 149 151 153 135  90  74  72  76  76  78  89 144 143 135 126 119
 149 150 146  69  77 115  79  92  92  68  68 119 140 132 124 117
 146 148 124  72  79 124  97 135 111  72  62  93 139 133 124 120
 146 147 143  95  54  56  63  68  48  57  63 119 140 135 126 119
 146 146 147 145 101  73  63  76  56  49  88 144 142 138 129 120
 145 144 145 144  79  77  71  77  76  69  77 136 143 141 135 121
 145 144 144 143 125  82  83  77  77  81 104 140 143 143 139 127
 143 143 143 143 143 120 105 123 100 114 143 143 143 143 142 135
 143 142 142 143 143 141 141 131 131 142 142 143 142 143 143 140

 158 155 146 134 130 121 118 114 112 113 113 112 113 122 131 139
 160 159 157 151 142 136 128 122 120 117 119 125 132 138 140 142
 159 159 158 156 152 146 140 135 128 128 132 136 139 141 142 143
 159 159 158 157 154 151 148 143 139 137 139 140 142 143 142 141
 152 139 152 157 155 152 150 146 122 101 123 142 134 140 142 142
 109 107  77  78  68  86 139 105  84  80  87 100  94 109 142 141
 114 110  64  80  62  53  71 103  87  91  85  81  93  83  92 140
 115 113  74  94  78  75  79 100  71  49  65  83  97  79  41 126
 115 112  69  67  72 114 102  67  75  60  78  99  99  76  53 125
 114 111  69  93  87 121 108  76  69  46  76  79  76  45  74 140
 149  87  90 109  77 102 104  95  57  57  72  96  96  67 110 141
 163 156 158 159 154 154 152 107  81  63  65 111  94 124 143 142
 162 163 162 161 158 158 156 137  85  99 103 145 144 143 142 142
 163 164 162 160 158 156 156 154 147 128 144 146 145 144 143 143
 164 165 164 161 158 157 155 152 151 150 148 146 145 144 144 142
 163 163 162 160 158 154 152 151 149 148 147 146 145 144 143 143
 160 158 149 141 133 128 127 122 122 121 121 121 123 128 136 141
 161 160 158 153 146 141 135 130 127 126 127 131 135 139 142 143
 161 161 160 158 154 150 144 138 135 134 135 138 141 143 144 143
 160 161 160 158 155 153 150 146 142 141 142 143 143 144 143 143
 154 143 155 159 156 154 151 148 126 111 128 144 137 140 143 143
 122 116  95 119  96 118 143 117  97  93  97 106 104 116 143 143
 128 121  85 116  96 100  88 115  98 104  90  88 104  99 107 143
 128 126  96 116  97  90  90 111  99  90  74  94 109  95  77 132
 129 125 100 116  99 119 103  88  97 104  92 111 111  92  96 131
 125 123 101 112 101 126 111  94  86  81  88  91  91  71  95 142
 152 108 115 125  93 108 111 107  96  98  86 107 107  84 118 143
 164 161 161 161 156 157 154 118  98  87  76 118 106 129 144 143
 163 165 163 162 159 159 158 142  94 109 111 146 145 144 144 144
 164 165 164 161 160 158 158 155 149 133 146 147 145 145 144 144
 165 167 166 163 159 158 157 153 152 151 149 146 146 145 144 144
 164 165 163 161 159 155 153 151 150 148 148 146 146 145 144 144
 156 152 144 136 130 125 122 119 117 120 119 120 121 127 135 140
 156 157 154 149 141 134 131 126 124 124 126 129 135 139 142 143
 157 156 155 152 148 144 141 135 132 133 135 138 141 143 143 143
 157 156 155 155 153 148 147 143 140 139 140 142 143 143 143 142
 148 134 149 153 152 150 150 144 119  93 119 144 136 140 143 143
  86  74  85 140 113 134 140  89  68  62  63  88  77 104 143 142
  85  77  74 133 109 137  78  78  68  72  57  49  69  81 114 142
  86  83  84 121  94  80  63  76  92 111  48  56  76  77 100 131
  87  81 106 140  96  79  68  76  92 135  68  76  77  77 123 131
  94  80 109 114  85  89  77  72  79  97  63  63  71  83 105 141
 144 103 122 123  86  87  90  74 115 124  56  73  77  82 120 141
 160 153 157 156 152 153 150  90  77  79  54 101  79 125 143 143
 159 158 158 157 156 154 154 135  69  72  95 145 144 143 143 143
 160 159 159 156 153 155 154 153 146 124 143 147 145 144 143 142
 161 160 159 157 154 153 152 151 150 148 147 146 144 144 143 142
 160 160 158 156 154 152 151 149 149 146 146 146 145 145 143 143

 139 142 143 141 142 141 140 126 125 140 141 142 142 143 142 143
 131 140 142 142 142 142  92  41  53  74 110 143 142 143 144 143
 122 138 141 143 140 109  83  79  76  45  67 124 143 144 144 144
 113 132 139 142 134  94  93  97  99  76  96  94 144 145 145 145
 112 125 136 140 142 100  81  83  99  79  96 111 145 146 146 146
 113 119 132 139 123  87  85  65  78  76  72  65 103 144 148 147
 113 117 128 137 101  80  91  49  60  46  57  63  99 128 150 148
 112 120 128 139 122  84  87  71  75  69  57  81  85 147 151 149
 114 122 135 143 146 105 103 100  67  76  95 107 137 154 152 151
 118 128 140 148 150 139  71  79 102 108 104 152 156 156 155 152
 121 136 146 151 152  86  53  75 114 121 102 154 158 156 157 154
 130 142 152 154 155  68  62  78  72  87  77 154 158 158 158 158
 134 151 156 157 157  78  80  94  67  93 109 159 161 160 161 160
 146 157 158 158 152  77  64  74  69  69  90 158 162 162 164 162
 155 159 159 159 139 107 110 113 112 111  87 156 163 164 165 163
 158 160 159 159 152 109 114 115 115 114 149 163 162 163 164 163
 141 143 143 143 143 143 143 132 131 142 143 143 144 144 144 144
 136 142 144 143 143 143 107  77  96  95 118 144 144 144 144 144
 128 139 143 144 140 116  99  95  92  71  84 129 144 145 145 145
 123 135 141 143 137 104 104 109 111  91 107 106 145 145 146 146
 121 131 138 143 144 106  88  94 111  91 107 118 146 147 146 146
 121 127 135 142 128  97  90  74  92  88  86  76 111 146 149 148
 121 126 134 141 111  93 104  90 104  81  98  87 109 133 151 148
 122 127 135 142 126  97  98  99  97  86  96  98  94 149 152 150
 122 130 138 146 148 117 115 111  88  94 107 118 142 155 153 151
 127 135 144 150 151 143  88  90 103 111 111 154 158 158 157 153
 128 141 150 153 154 118 100  90 119 126 108 157 159 158 158 155
 133 146 154 155 156  96  96  97  99 101  93 156 159 160 159 159
 141 153 158 158 159 119 116 116 116 112 125 161 162 161 163 161
 149 158 160 160 155  95  85  96 100 101 115 161 163 164 166 163
 158 160 161 161 143 116 121 126 125 123 108 161 165 165 167 165
 160 161 161 160 154 122 128 128 129 125 152 164 163 164 165 164
 140 143 143 142 143 142 142 131 131 141 141 143 143 142 142 143
 135 142 143 143 143 143 114 100 123 105 120 143 143 143 143 143
 127 139 143 143 140 104  81  77  77  83  82 125 143 144 144 145
 121 135 141 143 136  77  69  76  77  71  77  79 144 145 144 145
 120 129 138 142 144  88  49  56  76  63  73 101 145 147 146 146
 119 126 135 140 119  63  57  48  68  63  56  54  95 143 147 146
 120 124 133 139  93  62  72 111 135  97 124  79  72 124 148 146
 117 124 132 140 119  68  68  92  92  79 115  77  69 146 150 149
 119 126 135 143 144  89  78  76  76  72  74  90 135 153 151 149
 122 131 141 147 150 140  78  63  68  77  90 150 154 154 152 151
 125 134 144 148 150 134 137  80  79  89  87 153 154 155 153 152
 130 141 148 153 152 113 109  94  96  85  86 152 156 153 154 154
 136 149 152 155 153 140 133 121 140 114 123 156 157 156 157 156
 144 154 155 155 149  85  74  84 106 109 122 157 158 159 159 158
 152 157 156 156 134  74  77  83  81  80 103 153 158 159 160 160
 156 156 157 157 148  86  85  86  87  94 144 160 159 160 161 160

 143 143 144 145 146 147 148 149 151 152 154 158 160 162 163 163
 142 144 144 145 146 148 150 151 152 155 157 158 161 164 165 164
 143 143 144 145 146 144 128 147 154 156 156 158 160 162 164 163
 142 142 143 144 145 103  99  85 137 156 158 158 161 162 163 162
 142 143 124  94 111  65  63  81 107 152 154 154 159 158 156 163
 141 110  67  96  96  72  57  57  95 104 102  77 109  90  87 149
 140  74  45  76  79  76  46  69  76 108 121  87  93  69 111 114
 125  53  76  99  99  78  60  75  67 102 114  72  67  69 112 115
 126  41  79  97  83  65  49  71 100  79  75  78  94  74 113 115
 140  92  83  93  81  85  91  87 103  71  53  62  80  64 110 114
 141 142 109  94 100  87  80  84 105 139  86  68  78  77 107 109
 142 142 140 134 142 123 101 122 146 150 152 155 157 152 139 152
 141 142 143 142 140 139 137 139 143 148 151 154 157 158 159 159
 143 142 141 139 136 132 128 128 135 140 146 152 156 158 159 159
 142 140 138 132 125 119 117 120 122 128 136 142 151 157 159 160
 139 131 122 113 112 113 113 112 114 118 121 130 134 146 155 158
 144 144 145 146 146 148 148 150 151 153 155 159 161 163 165 164
 144 144 145 146 146 149 151 152 153 157 158 159 163 166 167 165
 144 144 145 145 147 146 133 149 155 158 158 160 161 164 165 164
 144 144 144 145 146 111 109  94 142 158 159 159 162 163 165 163
 143 144 129 106 118  76  87  98 118 154 157 156 161 161 161 164
 143 118  84 107 107  86  98  96 107 111 108  93 125 115 108 152
 142  95  71  91  91  88  81  86  94 111 126 101 112 101 123 125
 131  96  92 111 111  92 104  97  88 103 119  99 116 100 125 129
 132  77  95 109  94  74  90  99 111  90  90  97 116  96 126 128
 143 107  99 104  88  90 104  98 115  88 100  96 116  85 121 128
 143 143 116 104 106  97  93  97 117 143 118  96 119  95 116 122
 143 143 140 137 144 128 111 126 148 151 154 156 159 155 143 154
 143 143 144 143 143 142 141 142 146 150 153 155 158 160 161 160
 143 144 143 141 138 135 134 135 138 144 150 154 158 160 161 161
 143 142 139 135 131 127 126 127 130 135 141 146 153 158 160 161
 141 136 128 123 121 121 121 122 122 127 128 133 141 149 158 160
 143 143 145 145 146 146 146 149 149 151 152 154 156 158 160 160
 142 143 144 144 146 147 148 150 151 152 153 154 157 159 160 161
 142 143 144 145 147 143 124 146 153 154 155 153 156 159 159 160
 143 143 143 144 145  95  72  69 135 154 154 156 157 158 158 159
 143 143 125  79 101  54  79  77  90 150 153 152 156 157 153 160
 141 120  82  77  73  56 124 115  74  90  87  86 123 122 103 144
 141 105  83  71  63  63  97  79  72  77  89  85 114 109  80  94
 131 123  77  77  76  68 135  92  76  68  79  96 140 106  81  87
 131 100  77  76  56  48 111  92  76  63  80  94 121  84  83  86
 142 114  81  69  49  57  72  68  78  78 137 109 133  74  77  85
 142 143 104  77  88  63  62  68  89 140 134 113 140  85  74  86
 143 143 140 136 144 119  93 119 144 150 150 152 153 149 134 148
 142 143 143 143 142 140 139 140 143 147 148 153 155 155 156 157
 143 143 143 141 138 135 133 132 135 141 144 148 152 155 156 157
 143 142 139 135 129 126 124 124 126 131 134 141 149 154 157 156
 140 135 127 121 120 119 120 117 119 122 125 130 136 144 152 156

